37
40
42
42
43
46
48
51
54
56
58
59
58
56
56
56
55
53
52
52
52
51
50
48
48
48
49
49
48
47
47
46
45
44
43
42
42
40
41
42
42
40
40
41
40
40
38
36
36
35
35
35
34
34
34
34
34
31
31
33
34
34
32
28
43
45
47
46
47
49
52
53
54
55
56
58
59
57
56
56
56
54
53
52
51
51
50
49
48
49
49
48
47
47
46
46
45
45
44
43
41
41
41
42
43
40
39
40
40
39
38
37
36
35
35
35
34
34
33
34
34
32
33
34
32
33
31
28
47
49
50
50
53
53
54
55
55
55
55
57
59
57
56
55
54
54
53
53
52
50
50
49
48
47
48
47
47
47
46
46
46
46
44
42
40
41
42
42
43
41
41
40
40
40
41
38
36
36
36
35
34
33
33
34
34
33
34
34
32
31
30
28
49
51
52
52
54
55
55
56
56
56
56
56
57
58
56
55
54
54
53
53
52
51
49
48
47
46
46
47
47
47
47
46
46
46
44
41
40
42
43
42
42
42
41
40
40
40
41
39
38
36
35
35
35
32
33
35
34
34
35
34
32
31
30
28
51
52
51
52
53
55
56
55
55
56
56
56
56
56
55
54
53
54
53
53
52
50
49
48
46
46
47
48
48
47
47
47
46
46
44
41
41
43
43
42
42
43
42
41
40
40
40
39
38
36
35
37
36
33
33
35
36
36
36
34
31
30
30
29
51
51
49
51
53
55
55
55
55
55
56
56
55
56
54
53
52
53
52
52
51
51
49
47
46
47
47
48
48
48
47
47
46
46
44
41
42
44
42
42
42
43
42
41
40
41
40
39
37
35
36
38
37
34
33
34
36
36
35
33
31
30
30
29
51
50
51
52
53
55
55
55
55
56
56
55
54
54
53
52
51
51
51
51
50
49
48
46
47
47
47
47
47
47
47
47
46
46
43
42
44
46
43
40
43
44
41
42
42
41
40
39
37
35
36
38
37
34
32
32
34
35
35
32
31
31
31
29
52
51
52
53
54
55
56
55
55
55
55
54
53
53
53
52
51
51
50
49
49
48
48
47
47
46
47
47
47
47
47
48
48
48
43
43
46
47
42
40
44
48
43
41
43
43
40
39
38
35
36
37
37
34
32
32
33
34
34
31
30
30
30
28
54
53
52
54
56
56
56
56
56
55
55
54
53
52
52
51
51
50
49
49
49
50
49
48
48
47
47
47
47
47
48
49
49
47
43
46
47
46
41
39
44
48
43
41
43
43
41
42
43
40
39
37
34
33
32
33
34
34
32
31
30
31
30
28
55
54
54
54
55
55
55
55
55
55
54
54
52
52
51
52
51
50
50
49
49
50
49
49
48
48
48
48
49
49
49
49
49
45
44
46
45
43
40
41
44
47
43
41
41
41
41
43
45
41
40
37
35
33
34
35
34
32
31
30
30
31
30
27
56
56
56
56
56
56
55
55
55
55
54
52
51
51
51
51
51
50
50
50
50
50
49
49
49
48
49
50
51
51
50
50
50
46
46
44
42
41
42
42
44
45
42
41
40
40
39
41
43
40
38
37
36
34
36
36
34
31
30
31
31
30
28
27
56
56
56
57
56
56
56
55
54
54
54
52
51
51
51
51
51
51
50
50
50
49
51
50
50
50
50
52
53
53
53
52
53
49
47
44
43
42
44
45
44
44
44
41
39
39
39
40
41
39
38
36
37
38
39
36
34
32
31
31
31
30
27
26
56
56
57
57
56
56
56
55
55
55
54
52
51
51
51
52
52
51
51
50
51
51
52
52
52
52
52
53
54
55
54
54
53
50
48
44
44
43
43
44
43
42
42
40
38
39
40
40
40
39
38
37
37
39
38
34
33
31
30
29
28
28
26
24
56
56
57
58
57
57
56
55
54
55
54
52
52
53
53
53
53
53
53
53
53
53
54
54
53
53
54
54
56
56
56
54
53
51
48
46
45
43
42
42
42
41
40
39
37
38
40
40
39
38
38
36
35
36
37
35
33
30
29
27
26
25
24
24
56
56
56
57
58
58
57
56
55
54
53
54
54
54
54
55
55
55
56
56
55
55
56
56
55
54
55
56
58
59
56
55
55
52
50
47
46
44
42
42
41
40
39
38
37
38
40
39
38
38
37
36
34
32
34
34
31
29
27
26
25
24
24
24
55
56
57
58
58
59
58
57
57
56
56
56
56
56
57
57
58
59
59
58
58
57
57
57
56
56
57
58
60
61
60
58
55
52
51
50
48
45
42
41
41
40
39
38
38
39
40
39
37
36
33
32
30
29
30
30
29
28
27
26
25
25
25
25
55
57
57
58
59
60
60
59
58
58
58
57
58
59
60
60
61
61
61
60
59
59
59
58
58
59
59
60
62
63
62
60
55
53
52
52
49
46
43
41
40
40
39
38
38
39
38
37
34
32
29
28
27
26
27
28
28
27
27
26
25
25
25
24
56
57
57
58
60
60
61
61
60
59
59
60
60
61
61
62
62
62
61
61
60
60
60
60
60
61
61
61
63
65
64
61
56
54
53
52
50
46
44
42
39
40
40
39
39
39
36
33
30
28
26
25
25
25
27
28
27
27
26
26
25
25
24
24
57
58
59
60
61
61
62
63
62
61
61
62
63
63
63
62
62
61
61
61
60
61
61
61
61
62
63
63
65
65
65
63
58
54
53
51
49
46
44
41
40
41
40
41
40
38
34
30
27
26
25
25
26
26
28
27
27
26
25
26
25
25
24
24
58
60
61
61
63
63
63
64
64
63
63
64
64
64
65
64
63
62
62
61
62
62
63
62
63
64
65
66
66
67
67
64
60
55
53
52
49
46
43
42
41
42
41
41
41
37
32
29
27
26
26
27
27
28
28
27
27
25
25
25
24
24
23
24
59
61
62
63
64
65
66
66
65
65
66
66
66
66
66
65
64
63
63
62
62
63
64
64
65
65
66
67
68
69
69
68
63
57
54
53
49
45
44
43
42
42
42
42
41
36
33
30
28
27
27
28
28
28
27
26
26
26
26
25
25
25
23
23
60
62
64
65
66
67
68
67
67
67
67
67
67
67
67
67
66
65
64
64
64
65
67
67
66
67
67
69
71
72
71
69
64
60
57
51
48
47
47
46
45
43
42
43
41
39
37
35
33
31
31
29
28
27
26
25
25
26
25
25
24
23
22
22
63
66
67
67
68
70
70
69
70
69
69
68
69
69
69
68
67
67
66
66
66
67
68
67
67
68
70
74
75
75
73
69
66
63
56
53
51
50
49
48
48
46
45
43
42
42
41
39
36
33
31
30
29
27
25
25
26
25
23
23
23
22
22
23
66
69
70
69
71
72
73
73
72
72
70
70
70
69
68
69
69
68
68
67
68
68
67
67
69
72
74
77
77
76
74
72
68
61
57
55
55
53
53
51
49
48
48
46
45
42
39
39
36
34
32
30
29
27
26
25
24
23
23
23
22
22
22
23
70
71
71
72
73
74
75
75
74
73
72
72
71
70
70
71
71
71
70
70
70
69
68
69
73
76
78
80
80
77
75
71
66
61
61
60
57
55
54
54
51
50
48
47
47
44
41
38
36
35
33
30
28
26
26
26
24
23
23
22
21
21
21
21
73
73
73
75
76
76
76
77
76
75
74
74
73
72
73
73
73
72
72
72
71
70
70
73
76
78
82
84
83
79
75
70
67
68
67
63
59
55
54
52
51
49
47
47
47
45
43
40
37
36
33
30
27
25
25
25
24
23
22
21
21
21
21
22
75
76
77
79
79
79
78
78
78
76
75
74
74
74
75
76
76
75
74
74
73
74
75
78
80
83
87
89
86
78
74
71
72
73
69
64
59
59
57
54
50
48
49
51
50
47
42
39
37
36
31
29
26
25
26
25
24
23
22
21
21
22
22
23
78
78
78
79
79
79
79
78
76
75
75
73
72
73
77
79
79
77
75
74
75
78
82
85
86
89
92
92
85
80
78
78
79
75
68
63
62
64
59
53
51
52
55
57
54
47
41
38
37
35
31
28
28
27
28
27
25
22
22
22
23
23
22
22
79
79
79
80
81
81
80
77
75
73
73
69
64
72
81
81
81
80
77
77
79
83
88
92
94
95
97
92
86
84
84
83
80
74
69
65
66
63
59
55
54
59
58
57
54
47
43
39
37
35
33
32
30
30
29
27
25
22
22
23
24
23
21
21
78
78
79
81
81
81
79
76
76
77
79
78
76
79
84
86
84
83
82
83
86
92
96
98
101
103
102
93
89
89
88
86
83
76
70
67
66
62
58
56
61
63
60
57
51
47
44
40
38
37
36
34
33
32
30
27
25
24
23
24
23
22
22
22
78
79
80
81
81
78
78
79
81
83
85
86
87
87
89
90
89
86
87
89
95
102
104
107
109
111
107
98
97
96
95
95
89
79
69
66
66
67
63
64
65
66
64
58
52
48
45
41
39
38
37
36
34
31
29
27
26
25
25
24
23
22
23
23
81
82
84
86
84
81
75
80
87
89
90
90
92
93
93
95
93
93
94
96
103
108
111
117
118
118
117
110
112
110
107
103
93
79
71
70
72
73
70
68
68
67
66
62
56
51
48
46
43
41
39
36
33
31
28
27
27
27
26
25
24
24
24
23
84
85
89
87
89
90
85
87
92
94
94
94
95
98
100
101
100
101
102
102
108
111
118
123
126
128
130
127
126
122
115
105
91
79
76
79
81
81
76
73
70
66
65
62
58
54
50
47
44
42
39
35
32
31
30
30
29
28
27
25
25
26
25
24
87
88
93
94
90
94
95
93
95
96
98
99
99
103
105
107
106
108
107
108
112
117
127
132
136
140
142
138
135
126
114
100
89
83
83
83
85
84
79
74
72
68
63
61
59
53
50
47
45
40
38
36
35
35
34
32
30
29
27
26
26
25
25
24
89
91
95
100
98
97
99
99
100
99
101
104
104
106
109
111
110
112
113
115
117
124
132
137
139
144
144
140
137
122
109
103
93
90
88
86
85
81
76
73
71
66
64
62
58
52
51
48
45
41
40
40
39
39
37
34
30
30
28
28
27
26
25
23
89
91
95
102
104
99
101
102
103
101
104
109
108
108
111
114
116
119
122
124
122
129
133
133
135
141
140
138
131
121
116
108
97
92
93
91
87
84
81
77
75
74
70
63
59
56
56
54
48
45
42
44
42
41
38
35
32
31
31
29
27
27
25
23
90
91
97
105
107
106
106
106
104
107
110
114
112
111
114
119
126
132
138
134
129
132
131
132
137
140
137
136
134
131
120
108
106
104
103
99
95
94
91
87
83
78
71
65
63
62
59
56
50
47
44
44
43
40
38
35
35
34
32
30
30
29
26
25
98
97
100
106
111
114
114
113
112
114
115
117
115
115
118
124
131
138
140
134
130
131
129
134
140
137
136
139
136
127
121
116
114
112
106
102
101
99
96
91
83
76
71
69
68
66
59
55
51
49
47
45
43
40
39
38
37
35
34
33
32
30
27
26
111
104
103
107
113
115
119
118
117
119
119
119
121
120
123
128
132
137
135
131
133
139
138
140
141
141
141
138
135
132
128
124
118
114
110
105
101
97
94
91
83
78
76
76
75
71
62
57
53
50
48
45
44
42
41
40
40
38
36
35
32
30
27
26
116
111
110
110
113
112
114
117
119
120
118
118
121
122
126
131
136
138
133
132
139
145
152
151
150
150
146
143
144
142
134
124
116
111
105
100
99
97
92
88
84
81
79
78
76
72
65
60
56
52
49
48
45
42
42
42
42
41
38
35
31
28
26
24
117
115
115
113
115
114
111
115
118
117
117
118
119
120
125
133
135
135
135
141
143
145
149
149
147
148
147
146
145
143
134
125
118
108
101
98
100
97
91
87
86
85
81
79
77
73
67
65
61
55
50
47
44
42
44
45
43
41
37
34
30
27
24
23
117
116
115
115
119
116
112
114
114
116
116
117
119
118
123
128
133
140
144
144
144
140
139
137
137
137
137
137
134
132
128
125
116
107
102
104
102
96
91
93
97
94
85
79
77
75
70
70
62
54
49
46
44
44
46
45
42
39
35
31
28
26
24
21
123
122
119
120
121
120
115
115
115
116
116
118
121
118
121
128
141
145
144
144
147
145
146
141
135
134
132
132
129
130
129
126
120
116
111
108
102
98
97
100
96
88
80
78
79
76
70
65
58
52
48
46
46
47
47
43
40
37
33
29
26
24
22
19
117
121
126
127
130
125
120
121
119
116
114
115
116
115
122
133
141
144
143
143
148
150
147
141
135
134
133
130
130
129
128
124
120
113
105
104
105
102
99
93
87
83
81
80
79
74
68
60
54
48
48
48
47
48
46
41
38
35
31
28
25
23
20
17
120
117
124
130
133
125
123
125
123
118
112
110
111
113
120
133
138
142
143
142
146
148
142
134
130
130
127
126
129
126
121
115
108
102
101
108
111
103
95
90
87
88
88
85
78
70
62
55
50
47
50
50
49
49
45
40
38
34
30
26
24
22
19
17
122
118
120
121
118
112
113
114
116
116
113
110
112
119
126
137
143
148
150
150
149
142
133
126
124
126
124
121
120
117
110
103
97
102
108
109
103
94
88
86
85
84
85
84
76
66
59
53
48
51
54
50
50
48
44
39
36
33
28
25
23
21
18
16
111
110
115
112
109
107
103
105
106
107
107
109
117
128
136
144
150
153
155
155
148
135
130
126
118
123
119
112
108
105
101
96
100
105
102
98
93
92
88
81
77
78
82
76
69
61
57
51
49
59
57
51
48
45
42
37
34
32
27
24
23
20
18
16
109
110
114
116
108
108
102
102
104
106
111
115
122
128
138
142
145
148
149
146
136
123
121
120
115
116
114
110
103
100
102
103
106
103
97
95
92
91
88
79
73
82
81
72
66
57
52
48
55
62
56
50
44
41
38
34
33
30
26
24
23
20
17
16
111
112
115
116
110
109
104
103
111
114
116
114
120
124
129
130
133
135
137
131
120
111
109
108
106
109
114
108
103
104
106
105
100
96
91
94
93
91
86
80
76
82
78
68
62
54
48
53
60
57
51
47
42
38
34
32
31
27
24
24
22
19
16
16
111
110
111
110
107
109
107
104
112
116
112
110
115
120
124
122
119
123
123
119
110
103
100
99
102
106
112
109
99
100
100
95
88
86
83
84
90
90
83
78
76
76
77
71
61
53
57
61
60
51
47
43
38
34
31
29
28
26
23
22
21
19
17
16
103
106
107
105
106
112
116
114
113
116
113
111
115
116
122
118
113
113
110
110
103
99
94
92
95
103
103
102
95
93
93
86
82
81
80
82
86
85
79
73
69
67
68
66
58
54
57
57
54
45
41
38
34
32
30
28
27
26
24
22
21
20
19
19
97
100
100
99
102
107
111
112
112
112
109
107
110
109
115
117
114
105
101
102
101
94
87
85
89
98
91
91
88
88
88
83
80
80
82
82
80
80
77
73
70
64
58
57
52
49
49
48
47
42
38
36
32
31
29
30
31
34
29
26
25
24
26
28
95
96
94
96
98
101
104
105
103
103
103
102
106
108
109
109
106
99
99
102
103
98
93
93
96
92
81
80
79
81
81
82
80
79
79
79
81
83
82
77
73
66
58
53
49
43
45
43
46
45
39
35
32
34
35
39
39
40
39
35
31
31
37
42
99
97
96
97
98
100
101
100
99
99
100
101
103
104
101
100
98
95
98
98
100
100
98
99
95
84
74
73
73
73
77
84
82
82
80
80
85
87
85
80
75
70
63
56
52
45
46
51
54
50
44
42
40
43
45
46
43
40
40
40
40
47
52
54
112
110
113
111
109
109
108
103
100
100
101
105
110
106
100
99
98
96
97
99
101
101
100
98
89
78
69
69
69
69
83
88
89
91
89
88
89
88
84
80
77
74
67
59
56
53
50
56
56
52
53
51
51
52
53
50
46
43
45
52
54
58
57
53
131
143
163
158
149
138
130
122
110
108
111
118
125
116
109
109
109
105
104
109
107
108
107
101
86
72
68
73
77
76
96
98
98
98
95
92
91
89
86
82
80
77
72
68
65
62
60
60
59
59
59
58
60
59
58
53
50
50
52
59
60
59
58
54
166
190
208
212
213
196
171
160
136
120
132
141
147
138
130
129
128
123
124
126
123
121
119
113
100
84
82
94
98
99
106
106
103
98
94
89
89
85
82
79
76
73
72
72
69
68
67
65
64
63
62
62
63
61
59
57
56
55
56
58
58
57
57
57
121
162
158
143
202
209
189
128
112
138
160
185
190
195
191
186
179
167
159
156
147
143
137
133
130
119
116
122
123
119
115
111
107
99
93
88
85
81
69
70
56
57
68
68
66
65
64
66
65
63
63
62
62
59
56
51
36
40
54
44
39
34
50
46
8
15
14
10
32
34
30
7
8
31
47
62
64
97
145
153
201
206
210
203
185
173
176
172
160
146
149
162
168
167
171
165
140
114
104
100
92
64
32
38
11
28
63
46
57
40
40
58
39
26
35
26
30
21
14
10
2
5
13
6
2
2
9
6
0
0
0
0
0
0
0
0
0
0
0
0
0
0
5
7
28
37
62
55
80
78
109
121
120
118
150
153
181
165
188
173
150
102
80
61
34
14
7
7
2
6
16
5
23
15
9
16
2
0
1
0
1
0
0
0
0
0
0
0
0
0
0
0
0
0
0
0
0
0
0
0
0
0
0
0
0
0
0
0
0
0
0
0
1
1
2
6
6
6
9
11
33
11
17
16
16
6
2
1
0
0
0
0
0
0
0
0
1
1
0
0
0
0
0
0
0
0
0
0
0
0
0
0
0
0
0
0
0
0
0
0
0
0
0
0
0
0
0
0
0
0
0
0
0
0
0
0
0
0
0
0
0
0
0
0
0
0
0
0
0
0
0
0
0
0
0
0
0
0
0
0
0
0
0
0
0
0
0
0
0
0
0
0
0
0
0
0
0
0
0
0
0
0
0
0
0
0
0
0
0
0
0
0
0
0
0
0
0
0
0
0
0
0
0
0
0
0
0
0
0
0
0
0
0
0
0
0
0
0
0
0
0
0
0
0
0
0
0
0
0
0
0
0
0
0
0
0
0
0
0
0
0
0
0
0
0
0
0
0
0
0
0
0
0
0
0
0
0
0
0
0
0
0
0
0
0
0
0
0
0
0
0
0
0
0
0
0
0
0
0
0
0
0
0
0
0
0
0
0
0
0
0
0
0
0
0
0
0
0
0
0
0
0
0
0
0
0
0
0
192
186
179
196
174
126
125
126
126
127
127
127
129
129
130
130
131
131
131
132
132
133
133
133
134
135
135
136
136
137
137
138
139
139
139
140
141
141
142
143
143
144
144
145
146
146
146
147
147
148
148
149
150
150
151
151
152
152
152
152
152
153
154
154
229
199
185
181
186
152
127
126
127
128
128
128
129
130
130
131
131
131
132
132
133
133
133
134
134
135
135
136
137
137
138
138
139
140
140
140
141
142
143
143
144
144
145
146
147
147
147
147
148
149
149
150
150
151
152
152
152
152
153
153
153
154
154
154
225
234
204
187
183
187
157
129
128
129
129
129
130
131
131
132
132
133
133
133
134
134
134
135
136
136
136
137
138
138
139
140
141
140
141
141
142
143
143
144
145
146
146
147
147
147
148
148
149
149
150
151
151
152
152
153
153
154
154
154
154
155
155
155
175
214
235
211
189
186
190
157
131
130
130
131
131
132
132
132
133
133
134
134
135
135
135
136
137
137
137
138
138
139
139
140
141
141
142
143
143
144
145
145
146
146
146
147
147
148
148
149
150
150
151
152
152
153
153
154
154
154
155
155
156
157
157
157
188
177
207
236
216
190
188
188
153
131
131
131
132
133
133
133
134
134
135
136
136
136
136
137
137
138
138
139
139
140
141
142
142
143
143
143
144
145
146
146
147
147
147
148
148
149
150
150
151
151
152
152
153
154
155
155
155
156
156
157
157
158
158
158
193
192
181
198
234
221
193
190
175
142
132
133
133
134
134
134
135
135
136
137
137
137
138
138
139
139
139
140
141
141
142
143
143
144
144
145
145
146
147
147
147
147
148
149
150
150
151
151
152
153
153
154
155
155
156
156
157
157
157
157
158
158
159
159
164
178
195
184
192
231
226
195
190
163
134
134
134
135
135
136
136
136
137
138
138
138
139
140
140
140
141
142
142
142
143
143
144
145
145
146
146
147
147
148
148
149
149
150
150
151
152
152
153
153
154
155
156
156
157
157
158
158
158
158
158
159
159
160
140
99
163
194
189
189
228
230
193
148
134
135
135
136
136
136
137
137
138
139
139
140
140
140
141
141
142
142
143
143
144
145
145
146
147
147
147
147
148
149
149
150
150
151
151
152
153
153
154
155
156
156
156
157
158
158
158
159
159
159
160
160
160
161
151
99
106
190
197
193
189
222
205
138
136
136
136
137
137
137
138
139
139
137
133
136
141
139
137
143
143
144
144
145
144
138
134
137
138
145
147
149
149
150
150
151
151
152
153
153
154
155
155
156
157
157
157
158
158
159
159
159
160
160
161
162
162
162
157
112
122
192
175
190
197
190
184
138
137
137
137
137
135
132
121
119
118
99
81
103
120
112
100
132
128
120
107
102
100
83
72
76
82
106
122
147
149
147
150
152
152
153
154
154
155
155
157
157
158
158
157
153
149
155
159
160
161
161
162
162
163
163
166
118
125
193
144
107
181
201
166
137
135
127
120
109
95
86
74
72
73
70
72
81
76
75
74
77
69
65
62
64
63
62
64
63
65
67
80
111
115
112
129
138
144
151
153
155
156
157
158
158
158
159
153
107
114
146
151
152
159
162
163
163
164
164
170
145
131
194
164
93
145
203
168
128
98
81
80
72
71
72
68
65
66
68
67
64
63
64
61
63
62
62
60
60
63
62
64
66
65
62
67
74
74
79
82
88
92
104
111
123
137
147
153
158
159
160
158
145
157
162
162
158
145
131
160
164
164
158
177
142
133
195
184
118
153
204
148
86
74
75
79
77
66
67
66
64
66
65
67
68
69
66
67
74
66
61
57
55
60
63
60
60
67
65
63
69
71
67
68
73
73
75
75
79
84
88
97
114
130
144
154
160
162
162
163
164
160
130
161
165
164
129
159
129
136
195
189
124
156
204
138
75
68
67
92
145
99
66
62
64
61
61
67
63
67
66
83
141
87
61
62
59
61
63
61
66
69
69
66
73
71
68
71
68
64
67
71
73
73
73
76
77
80
87
96
111
129
146
158
163
165
145
160
165
154
90
164
109
125
194
192
129
157
205
135
68
62
70
130
186
194
107
64
58
58
64
74
78
83
95
113
170
163
70
59
58
63
59
66
69
63
62
67
76
82
86
86
85
83
78
73
71
71
70
73
72
72
76
75
74
78
87
101
113
130
129
149
156
125
78
172
120
125
195
183
141
158
198
127
70
67
76
134
190
217
203
129
111
119
130
135
137
137
141
144
179
217
130
65
54
58
59
71
72
64
63
66
75
85
89
87
91
91
93
92
82
73
71
70
66
68
69
68
68
70
73
75
77
79
82
84
92
85
96
125
100
124
196
179
123
154
167
85
77
77
80
134
216
228
216
215
177
154
153
151
149
144
146
147
180
230
204
101
56
56
71
80
79
68
61
71
79
84
83
86
89
87
90
93
94
93
81
70
67
68
65
67
69
70
71
72
74
73
71
71
85
77
101
119
60
118
195
188
132
146
118
65
73
76
77
96
176
238
234
216
218
183
157
148
156
148
147
148
180
233
229
180
73
61
67
81
82
74
72
82
82
88
86
93
89
88
88
89
91
95
96
86
71
67
70
70
73
73
73
72
73
74
71
76
80
89
101
187
160
146
196
187
132
127
69
57
69
74
76
82
159
198
229
239
217
219
184
142
189
161
148
148
172
221
233
221
108
64
64
78
87
88
89
90
91
90
92
96
96
94
92
89
90
93
96
97
87
73
69
67
67
70
73
73
72
71
70
80
79
101
105
194
194
192
197
192
139
107
58
53
66
73
76
82
159
195
196
220
241
222
219
194
203
204
160
147
168
205
233
225
102
63
66
85
89
87
91
93
91
95
98
98
98
97
96
96
94
94
96
94
81
73
75
70
63
66
68
71
68
66
68
84
99
100
105
194
195
195
196
198
171
108
55
51
64
71
75
80
157
195
197
196
211
239
227
224
238
220
209
162
169
209
226
221
102
62
77
86
91
92
94
94
92
96
97
98
93
88
97
98
95
90
92
94
95
91
97
97
84
71
67
69
67
66
69
102
104
103
104
195
195
196
196
196
193
156
59
50
63
70
75
79
156
195
196
197
196
204
233
236
242
244
222
207
185
204
219
213
114
80
88
90
93
98
97
97
98
100
101
100
100
101
103
102
100
95
80
84
97
100
101
105
106
99
84
73
69
72
77
100
102
106
102
195
195
196
197
196
195
162
60
49
62
70
74
78
150
193
198
197
196
196
199
225
251
250
245
223
217
207
220
217
146
94
95
95
94
120
100
96
95
88
97
100
100
103
102
100
100
94
77
80
96
92
96
103
105
106
107
100
78
76
92
97
101
105
101
182
193
197
197
196
195
165
62
49
61
69
74
78
134
132
176
197
197
197
197
203
246
255
251
246
226
219
220
215
207
133
106
99
97
140
122
76
72
60
78
87
84
112
95
92
94
97
89
86
94
100
102
107
100
103
101
96
71
72
100
93
99
104
99
134
116
157
191
191
195
165
63
49
62
70
74
78
142
140
155
197
197
199
198
202
242
255
255
252
245
233
222
219
230
208
170
127
101
157
158
99
81
80
78
78
79
99
77
75
87
96
102
103
99
98
93
123
109
109
101
84
64
65
89
86
97
104
96
131
88
115
158
134
177
164
62
49
62
70
74
77
142
152
159
197
186
165
194
200
191
240
255
255
249
235
229
230
239
234
221
193
117
149
175
121
88
92
100
103
89
95
78
81
100
126
128
122
91
134
122
118
124
83
64
59
59
63
87
84
95
100
94
167
127
132
130
111
94
124
62
48
61
69
73
76
144
165
160
190
185
127
172
200
173
227
252
251
248
229
233
233
243
243
238
229
166
146
178
143
78
81
98
120
108
100
94
105
132
111
126
133
128
123
105
125
91
57
60
72
77
76
89
82
93
98
90
198
198
163
161
142
100
119
61
47
61
68
72
76
137
188
164
180
184
120
172
199
180
219
227
211
239
190
231
233
234
246
245
242
184
147
172
136
68
71
72
76
77
77
81
95
100
85
106
107
119
107
95
80
67
60
59
86
104
111
97
81
92
93
85
159
118
161
191
165
118
124
61
47
60
68
72
75
130
189
178
192
184
118
172
201
202
203
221
206
241
187
215
217
205
237
235
241
184
147
174
131
66
65
72
69
65
77
79
71
89
91
78
74
70
70
78
61
56
52
57
87
105
93
86
80
91
88
80
160
111
148
193
169
128
126
61
46
59
67
71
75
117
167
183
194
183
118
171
200
213
226
235
209
241
187
213
209
207
208
218
221
182
154
185
132
64
65
74
78
73
65
65
77
80
79
76
63
61
47
43
42
47
51
54
76
92
80
81
77
91
85
77
163
116
151
193
182
141
128
60
45
58
66
70
74
131
190
182
188
180
139
172
199
215
238
240
210
241
189
221
210
220
211
216
199
181
148
164
140
71
68
70
76
69
50
49
61
66
67
67
47
58
48
49
46
44
47
41
63
77
77
78
75
89
89
84
159
114
155
192
185
152
127
60
45
57
65
69
71
116
165
160
161
161
163
179
195
185
186
176
149
213
190
219
208
224
223
213
211
184
136
118
118
68
71
69
67
60
46
55
67
63
60
64
49
58
50
48
46
46
38
28
57
75
74
74
74
88
95
91
149
118
147
167
178
144
124
59
44
56
63
67
70
111
157
162
164
165
169
178
177
102
92
89
91
188
206
206
192
194
194
182
201
186
129
114
99
67
71
68
60
57
51
81
90
67
56
63
43
41
41
37
30
43
40
30
57
82
71
69
69
85
94
90
119
111
104
103
172
157
127
59
44
55
62
65
69
112
160
167
169
170
176
181
163
84
85
86
88
188
216
205
196
192
159
142
181
183
150
97
100
63
69
67
68
63
57
65
70
51
51
54
42
43
43
38
38
47
53
49
60
72
73
68
66
84
94
90
70
71
73
82
164
178
150
83
57
58
60
64
67
110
160
168
170
171
178
191
169
100
90
85
90
192
244
223
206
207
201
163
200
207
199
165
122
103
67
66
69
62
71
76
68
51
75
68
50
43
48
42
38
44
50
54
67
73
84
84
64
73
89
76
80
80
81
87
158
168
197
189
172
151
124
98
78
107
162
170
173
173
179
191
190
182
165
144
142
172
228
254
242
211
226
213
209
241
223
219
137
150
105
75
69
81
108
96
81
73
102
129
66
49
52
52
44
45
61
88
91
91
80
71
56
53
56
59
79
79
80
77
93
119
214
239
232
227
219
204
155
113
162
173
174
174
179
191
190
190
191
193
178
161
197
255
247
210
227
215
205
240
172
125
97
118
126
93
76
79
93
86
79
88
75
96
64
34
27
29
30
54
65
78
80
76
73
67
56
51
67
94
78
78
79
76
73
104
215
248
248
248
248
245
197
134
163
174
176
175
178
191
190
190
189
192
171
134
164
251
246
209
224
210
195
217
91
59
64
91
104
97
93
86
76
78
63
63
78
75
50
35
26
29
31
49
46
52
68
56
60
50
50
50
86
110
78
78
78
79
79
109
223
248
248
248
249
251
204
139
163
175
177
175
176
188
189
189
187
189
172
131
130
185
186
178
184
148
139
141
96
80
95
117
107
97
101
83
59
61
46
48
71
75
53
46
28
28
29
31
32
46
61
45
52
38
44
53
90
105
78
77
78
78
78
100
187
219
245
248
249
251
204
138
164
176
178
175
176
187
187
187
186
186
174
126
76
106
180
140
159
121
109
111
76
63
69
92
74
64
74
75
82
76
60
47
43
41
24
34
30
16
18
22
25
38
53
39
45
35
38
44
61
98
78
77
79
80
79
81
87
151
240
248
248
249
205
138
164
177
178
175
175
186
186
187
186
186
160
77
39
45
74
84
180
167
158
98
69
53
34
71
74
73
79
75
65
58
49
37
34
32
24
22
16
10
10
13
25
25
39
34
43
35
34
38
41
71
111
115
118
122
124
122
113
149
233
248
248
248
206
137
161
175
177
175
175
186
187
187
186
186
153
94
115
126
110
82
181
226
204
82
50
47
42
54
68
58
46
39
34
32
30
31
31
30
28
24
13
10
9
11
35
35
27
28
36
30
35
33
37
73
170
134
127
108
95
122
92
94
159
234
248
248
206
136
159
172
175
174
175
186
186
183
184
186
156
114
134
124
127
126
184
185
174
66
39
55
50
48
46
40
37
35
33
31
30
30
30
29
28
27
25
23
21
19
41
49
39
26
23
21
29
29
26
35
209
103
82
68
71
95
120
108
121
160
236
247
197
128
156
167
171
172
173
185
167
124
136
181
165
128
121
113
114
115
157
162
108
58
38
45
47
49
47
46
44
44
44
44
44
44
45
41
30
28
28
27
25
23
30
44
49
43
31
22
23
23
20
18
232
120
92
79
78
85
146
118
147
123
165
193
167
123
149
162
167
169
171
183
109
55
91
130
106
69
64
61
55
53
66
92
61
80
85
86
84
80
76
73
73
75
77
79
81
82
79
49
28
27
26
27
27
25
23
31
45
50
48
37
23
21
22
16
242
146
96
85
77
79
125
117
108
115
67
51
104
112
137
155
160
162
166
176
100
70
86
75
42
17
23
24
22
32
48
83
95
95
91
87
83
80
77
76
77
78
79
81
81
79
57
28
24
25
25
26
27
26
23
24
33
45
49
46
39
25
21
16
240
170
100
74
67
66
88
119
56
64
65
110
166
140
133
131
133
137
141
143
137
141
147
100
65
65
64
69
80
87
91
94
93
90
85
81
79
77
77
76
78
78
79
81
79
60
34
28
24
25
26
25
25
26
25
22
29
32
44
48
46
41
26
15
210
185
120
85
79
90
118
166
160
182
194
200
203
202
187
145
132
136
137
143
152
140
121
101
94
92
94
98
98
95
94
93
89
84
81
79
76
77
76
77
79
78
80
82
79
72
65
40
25
25
25
25
25
25
25
24
24
26
31
43
47
44
41
21
228
229
191
189
205
220
229
228
169
182
204
197
193
197
148
144
141
143
140
130
113
97
93
90
88
91
96
97
96
93
91
89
84
81
78
77
77
76
76
78
78
79
81
82
84
78
49
29
27
26
25
24
24
25
24
24
23
26
31
33
40
44
44
31
249
244
234
228
158
208
225
217
182
181
189
184
185
139
45
146
137
125
109
95
90
89
84
88
96
97
96
94
92
90
87
82
80
77
76
77
76
77
78
79
78
81
83
83
74
45
31
29
27
27
26
26
26
25
25
26
24
24
26
29
30
36
42
39
206
238
231
220
177
202
206
200
187
178
181
183
183
113
56
115
111
96
93
91
91
91
89
93
92
90
89
87
86
84
83
80
77
75
77
76
77
78
79
79
78
80
81
67
39
29
29
28
28
27
27
26
27
27
26
26
25
25
25
24
23
25
28
36
133
221
220
224
206
194
189
190
188
183
179
173
158
101
105
99
95
93
91
90
85
87
85
89
90
87
86
84
81
79
78
75
75
77
76
75
76
77
79
78
78
78
61
38
32
30
30
29
29
28
28
27
27
27
27
26
26
25
25
24
23
22
21
22
129
205
229
183
152
189
199
195
180
167
161
149
115
88
137
100
93
92
94
95
92
90
90
89
88
88
86
81
78
77
73
73
77
78
76
72
69
61
65
69
69
54
35
31
31
31
31
31
31
30
29
29
28
27
27
27
27
26
25
25
24
24
22
21
184
198
174
40
43
158
178
173
159
140
129
130
78
65
137
98
95
94
96
97
96
95
92
91
89
86
83
80
78
76
74
75
77
76
77
75
73
71
72
74
73
69
68
65
67
66
66
68
68
67
63
62
61
59
56
53
51
47
43
40
36
33
30
27
198
201
112
56
29
118
151
132
119
127
129
105
44
48
116
97
99
99
97
95
94
92
90
88
85
82
80
77
75
73
75
75
74
74
75
76
78
78
77
78
78
79
80
80
80
79
80
83
77
75
70
71
76
83
86
87
87
86
85
83
80
78
77
77
199
174
94
106
53
86
114
126
127
95
55
48
47
29
79
93
97
98
96
94
92
90
87
84
80
79
78
75
73
73
74
73
74
75
74
77
79
78
79
79
81
83
85
85
85
84
84
84
82
79
76
77
79
82
85
87
87
88
89
89
88
86
85
86
174
138
94
156
99
114
125
90
46
23
20
29
39
51
84
94
96
95
92
91
90
88
85
80
78
78
75
74
72
74
72
72
74
76
77
79
78
78
80
78
83
87
89
89
89
87
87
87
86
84
84
83
83
82
83
85
85
86
87
87
85
80
81
82
144
106
112
177
125
81
42
23
40
63
71
82
89
93
94
95
93
92
90
88
85
83
80
78
76
75
74
73
74
73
72
72
74
76
78
77
77
77
78
79
83
85
88
88
87
85
86
87
86
86
86
85
84
83
84
84
84
84
85
86
84
75
80
87
120
77
93
169
119
24
31
65
86
89
93
95
97
96
95
93
92
90
88
85
83
80
78
75
74
72
74
74
72
73
74
74
75
76
77
77
76
78
79
80
82
83
86
86
84
84
86
86
86
85
86
86
87
86
84
84
86
82
82
82
83
80
80
81
40
27
92
161
115
59
81
88
88
92
95
97
98
96
93
92
91
87
84
81
80
79
75
74
72
72
74
73
72
74
76
76
77
78
79
78
79
80
80
82
84
85
87
88
87
86
86
87
87
85
85
86
86
86
84
83
85
82
81
81
82
81
79
81
7
12
57
134
97
89
90
91
93
95
96
98
96
93
92
90
87
83
80
79
79
76
72
71
71
73
72
72
72
75
76
76
78
78
78
79
81
83
84
85
85
85
87
88
88
87
86
87
86
86
86
85
86
86
84
83
84
83
83
81
80
81
82
81
17
14
30
68
78
90
92
95
97
98
97
94
92
91
87
85
82
78
78
76
74
72
72
71
72
72
72
72
72
74
75
75
76
77
76
79
80
81
83
85
84
85
86
87
87
87
87
88
87
88
88
87
86
86
84
84
83
82
82
82
81
81
83
81
20
15
24
60
89
94
95
97
97
96
93
91
88
86
83
81
79
77
76
74
72
71
72
74
73
72
72
73
74
74
76
75
76
76
78
79
80
81
83
83
84
85
86
85
85
83
86
87
88
87
86
86
86
86
84
83
82
81
83
82
80
80
82
81
42
58
77
91
95
95
94
94
93
89
87
86
86
83
80
79
78
76
74
73
72
72
73
74
73
72
73
74
74
76
76
75
76
76
78
78
79
80
83
83
85
87
87
84
85
84
85
86
86
86
85
85
85
83
82
83
84
85
85
84
82
82
82
81
